134.0 458.0 134.0 460.0 136.0 460.0 136.0 458.0
136.0 458.0 136.0 460.0 138.0 460.0 138.0 458.0
138.0 458.0 138.0 460.0 140.0 460.0 140.0 458.0
140.0 458.0 140.0 460.0 142.0 460.0 142.0 458.0
142.0 458.0 142.0 460.0 144.0 460.0 144.0 458.0
144.0 458.0 144.0 460.0 146.0 460.0 146.0 458.0
146.0 458.0 146.0 460.0 148.0 460.0 148.0 458.0
148.0 458.0 148.0 460.0 150.0 460.0 150.0 458.0
150.0 458.0 150.0 460.0 152.0 460.0 152.0 458.0
152.0 458.0 152.0 460.0 154.0 460.0 154.0 458.0
154.0 458.0 154.0 460.0 156.0 460.0 156.0 458.0
156.0 458.0 156.0 460.0 158.0 460.0 158.0 458.0
158.0 458.0 158.0 460.0 160.0 460.0 160.0 458.0
160.0 458.0 160.0 460.0 162.0 460.0 162.0 458.0
162.0 458.0 162.0 460.0 164.0 460.0 164.0 458.0
164.0 458.0 164.0 460.0 166.0 460.0 166.0 458.0
166.0 458.0 166.0 460.0 168.0 460.0 168.0 458.0
168.0 458.0 168.0 460.0 170.0 460.0 170.0 458.0
170.0 458.0 170.0 460.0 172.0 460.0 172.0 458.0
172.0 458.0 172.0 460.0 174.0 460.0 174.0 458.0
174.0 458.0 174.0 460.0 176.0 460.0 176.0 458.0
176.0 458.0 176.0 460.0 178.0 460.0 178.0 458.0
178.0 458.0 178.0 460.0 180.0 460.0 180.0 458.0
180.0 458.0 180.0 460.0 182.0 460.0 182.0 458.0
182.0 458.0 182.0 460.0 184.0 460.0 184.0 458.0
184.0 458.0 184.0 460.0 186.0 460.0 186.0 458.0
186.0 458.0 186.0 460.0 188.0 460.0 188.0 458.0
188.0 458.0 188.0 460.0 190.0 460.0 190.0 458.0
190.0 458.0 190.0 460.0 192.0 460.0 192.0 458.0
192.0 458.0 192.0 460.0 194.0 460.0 194.0 458.0
194.0 458.0 194.0 460.0 196.0 460.0 196.0 458.0
196.0 458.0 196.0 460.0 198.0 460.0 198.0 458.0
198.0 458.0 198.0 460.0 200.0 460.0 200.0 458.0
200.0 458.0 200.0 460.0 202.0 460.0 202.0 458.0
202.0 458.0 202.0 460.0 204.0 460.0 204.0 458.0
204.0 458.0 204.0 460.0 206.0 460.0 206.0 458.0
206.0 458.0 206.0 460.0 208.0 460.0 208.0 458.0
208.0 458.0 208.0 460.0 210.0 460.0 210.0 458.0
210.0 458.0 210.0 460.0 212.0 460.0 212.0 458.0
212.0 458.0 212.0 460.0 214.0 460.0 214.0 458.0
214.0 458.0 214.0 460.0 216.0 460.0 216.0 458.0
216.0 458.0 216.0 460.0 218.0 460.0 218.0 458.0
218.0 458.0 218.0 460.0 220.0 460.0 220.0 458.0
220.0 458.0 220.0 460.0 222.0 460.0 222.0 458.0
222.0 458.0 222.0 460.0 224.0 460.0 224.0 458.0
224.0 458.0 224.0 460.0 226.0 460.0 226.0 458.0
226.0 458.0 226.0 460.0 228.0 460.0 228.0 458.0
228.0 458.0 228.0 460.0 230.0 460.0 230.0 458.0
230.0 458.0 230.0 460.0 232.0 460.0 232.0 458.0
232.0 458.0 232.0 460.0 234.0 460.0 234.0 458.0
234.0 458.0 234.0 460.0 236.0 460.0 236.0 458.0
236.0 458.0 236.0 460.0 238.0 460.0 238.0 458.0
238.0 458.0 238.0 460.0 240.0 460.0 240.0 458.0
240.0 458.0 240.0 460.0 242.0 460.0 242.0 458.0
242.0 458.0 242.0 460.0 244.0 460.0 244.0 458.0
244.0 458.0 244.0 460.0 246.0 460.0 246.0 458.0
246.0 458.0 246.0 460.0 248.0 460.0 248.0 458.0
248.0 458.0 248.0 460.0 250.0 460.0 250.0 458.0
250.0 458.0 250.0 460.0 252.0 460.0 252.0 458.0
252.0 458.0 252.0 460.0 254.0 460.0 254.0 458.0
254.0 458.0 254.0 460.0 256.0 460.0 256.0 458.0
256.0 458.0 256.0 460.0 258.0 460.0 258.0 458.0
258.0 458.0 258.0 460.0 260.0 460.0 260.0 458.0
260.0 458.0 260.0 460.0 262.0 460.0 262.0 458.0
262.0 458.0 262.0 460.0 264.0 460.0 264.0 458.0
264.0 458.0 264.0 460.0 266.0 460.0 266.0 458.0
266.0 458.0 266.0 460.0 268.0 460.0 268.0 458.0
268.0 458.0 268.0 460.0 270.0 460.0 270.0 458.0
270.0 458.0 270.0 460.0 272.0 460.0 272.0 458.0
272.0 458.0 272.0 460.0 274.0 460.0 274.0 458.0
274.0 458.0 274.0 460.0 276.0 460.0 276.0 458.0
276.0 458.0 276.0 460.0 278.0 460.0 278.0 458.0
278.0 458.0 278.0 460.0 280.0 460.0 280.0 458.0
280.0 458.0 280.0 460.0 282.0 460.0 282.0 458.0
282.0 458.0 282.0 460.0 284.0 460.0 284.0 458.0
284.0 458.0 284.0 460.0 286.0 460.0 286.0 458.0
286.0 458.0 286.0 460.0 288.0 460.0 288.0 458.0
288.0 458.0 288.0 460.0 290.0 460.0 290.0 458.0
290.0 458.0 290.0 460.0 292.0 460.0 292.0 458.0
292.0 458.0 292.0 460.0 294.0 460.0 294.0 458.0
294.0 458.0 294.0 460.0 296.0 460.0 296.0 458.0
296.0 458.0 296.0 460.0 298.0 460.0 298.0 458.0
298.0 458.0 298.0 460.0 300.0 460.0 300.0 458.0
300.0 458.0 300.0 460.0 302.0 460.0 302.0 458.0
302.0 458.0 302.0 460.0 304.0 460.0 304.0 458.0
304.0 458.0 304.0 460.0 306.0 460.0 306.0 458.0
306.0 458.0 306.0 460.0 308.0 460.0 308.0 458.0
308.0 458.0 308.0 460.0 310.0 460.0 310.0 458.0
310.0 458.0 310.0 460.0 312.0 460.0 312.0 458.0
312.0 458.0 312.0 460.0 314.0 460.0 314.0 458.0
314.0 458.0 314.0 460.0 316.0 460.0 316.0 458.0
316.0 458.0 316.0 460.0 318.0 460.0 318.0 458.0
318.0 458.0 318.0 460.0 320.0 460.0 320.0 458.0
320.0 458.0 320.0 460.0 322.0 460.0 322.0 458.0
322.0 458.0 322.0 460.0 324.0 460.0 324.0 458.0
324.0 458.0 324.0 460.0 326.0 460.0 326.0 458.0
326.0 458.0 326.0 460.0 328.0 460.0 328.0 458.0
328.0 458.0 328.0 460.0 330.0 460.0 330.0 458.0
330.0 458.0 330.0 460.0 332.0 460.0 332.0 458.0
332.0 458.0 332.0 460.0 334.0 460.0 334.0 458.0
334.0 458.0 334.0 460.0 336.0 460.0 336.0 458.0
336.0 458.0 336.0 460.0 338.0 460.0 338.0 458.0
338.0 458.0 338.0 460.0 340.0 460.0 340.0 458.0
340.0 458.0 340.0 460.0 342.0 460.0 342.0 458.0
342.0 458.0 342.0 460.0 344.0 460.0 344.0 458.0
344.0 458.0 344.0 460.0 346.0 460.0 346.0 458.0
346.0 458.0 346.0 460.0 348.0 460.0 348.0 458.0
348.0 458.0 348.0 460.0 350.0 460.0 350.0 458.0
350.0 458.0 350.0 460.0 352.0 460.0 352.0 458.0
352.0 458.0 352.0 460.0 354.0 460.0 354.0 458.0
354.0 458.0 354.0 460.0 356.0 460.0 356.0 458.0
356.0 458.0 356.0 460.0 358.0 460.0 358.0 458.0
358.0 458.0 358.0 460.0 360.0 460.0 360.0 458.0
360.0 458.0 360.0 460.0 362.0 460.0 362.0 458.0
362.0 458.0 362.0 460.0 364.0 460.0 364.0 458.0
364.0 458.0 364.0 460.0 366.0 460.0 366.0 458.0
366.0 458.0 366.0 460.0 368.0 460.0 368.0 458.0
368.0 458.0 368.0 460.0 370.0 460.0 370.0 458.0
370.0 458.0 370.0 460.0 372.0 460.0 372.0 458.0
372.0 458.0 372.0 460.0 374.0 460.0 374.0 458.0
374.0 458.0 374.0 460.0 376.0 460.0 376.0 458.0
376.0 458.0 376.0 460.0 378.0 460.0 378.0 458.0
378.0 458.0 378.0 460.0 380.0 460.0 380.0 458.0
380.0 458.0 380.0 460.0 382.0 460.0 382.0 458.0
382.0 458.0 382.0 460.0 384.0 460.0 384.0 458.0
384.0 458.0 384.0 460.0 386.0 460.0 386.0 458.0
386.0 458.0 386.0 460.0 388.0 460.0 388.0 458.0
388.0 458.0 388.0 460.0 390.0 460.0 390.0 458.0
390.0 458.0 390.0 460.0 392.0 460.0 392.0 458.0
392.0 458.0 392.0 460.0 394.0 460.0 394.0 458.0
394.0 458.0 394.0 460.0 396.0 460.0 396.0 458.0
396.0 458.0 396.0 460.0 398.0 460.0 398.0 458.0
398.0 458.0 398.0 460.0 400.0 460.0 400.0 458.0
400.0 458.0 400.0 460.0 402.0 460.0 402.0 458.0
402.0 458.0 402.0 460.0 404.0 460.0 404.0 458.0
404.0 458.0 404.0 460.0 406.0 460.0 406.0 458.0
406.0 458.0 406.0 460.0 408.0 460.0 408.0 458.0
408.0 458.0 408.0 460.0 410.0 460.0 410.0 458.0
410.0 458.0 410.0 460.0 412.0 460.0 412.0 458.0
412.0 458.0 412.0 460.0 414.0 460.0 414.0 458.0
414.0 458.0 414.0 460.0 416.0 460.0 416.0 458.0
416.0 458.0 416.0 460.0 418.0 460.0 418.0 458.0
418.0 458.0 418.0 460.0 420.0 460.0 420.0 458.0
420.0 458.0 420.0 460.0 422.0 460.0 422.0 458.0
422.0 458.0 422.0 460.0 424.0 460.0 424.0 458.0
424.0 458.0 424.0 460.0 426.0 460.0 426.0 458.0
426.0 458.0 426.0 460.0 428.0 460.0 428.0 458.0
428.0 458.0 428.0 460.0 430.0 460.0 430.0 458.0
430.0 458.0 430.0 460.0 432.0 460.0 432.0 458.0
432.0 458.0 432.0 460.0 434.0 460.0 434.0 458.0
434.0 458.0 434.0 460.0 436.0 460.0 436.0 458.0
436.0 458.0 436.0 460.0 438.0 460.0 438.0 458.0
438.0 458.0 438.0 460.0 440.0 460.0 440.0 458.0
440.0 458.0 440.0 460.0 442.0 460.0 442.0 458.0
442.0 458.0 442.0 460.0 444.0 460.0 444.0 458.0
444.0 458.0 444.0 460.0 446.0 460.0 446.0 458.0
446.0 458.0 446.0 460.0 448.0 460.0 448.0 458.0
448.0 458.0 448.0 460.0 450.0 460.0 450.0 458.0
450.0 458.0 450.0 460.0 452.0 460.0 452.0 458.0
452.0 458.0 452.0 460.0 454.0 460.0 454.0 458.0
454.0 458.0 454.0 460.0 456.0 460.0 456.0 458.0
456.0 458.0 456.0 460.0 458.0 460.0 458.0 458.0
458.0 458.0 458.0 460.0 460.0 460.0 460.0 458.0
460.0 458.0 460.0 460.0 462.0 460.0 462.0 458.0
462.0 458.0 462.0 460.0 464.0 460.0 464.0 458.0
464.0 458.0 464.0 460.0 466.0 460.0 466.0 458.0
466.0 458.0 466.0 460.0 468.0 460.0 468.0 458.0
468.0 458.0 468.0 460.0 470.0 460.0 470.0 458.0
470.0 458.0 470.0 460.0 472.0 460.0 472.0 458.0
472.0 458.0 472.0 460.0 474.0 460.0 474.0 458.0
474.0 458.0 474.0 460.0 476.0 460.0 476.0 458.0
476.0 458.0 476.0 460.0 478.0 460.0 478.0 458.0
478.0 458.0 478.0 460.0 480.0 460.0 480.0 458.0
480.0 458.0 480.0 460.0 482.0 460.0 482.0 458.0
482.0 458.0 482.0 460.0 484.0 460.0 484.0 458.0
484.0 458.0 484.0 460.0 486.0 460.0 486.0 458.0
486.0 458.0 486.0 460.0 488.0 460.0 488.0 458.0
488.0 458.0 488.0 460.0 490.0 460.0 490.0 458.0
490.0 458.0 490.0 460.0 492.0 460.0 492.0 458.0
492.0 458.0 492.0 460.0 494.0 460.0 494.0 458.0
494.0 458.0 494.0 460.0 496.0 460.0 496.0 458.0
496.0 458.0 496.0 460.0 498.0 460.0 498.0 458.0
498.0 458.0 498.0 460.0 500.0 460.0 500.0 458.0
500.0 458.0 500.0 460.0 502.0 460.0 502.0 458.0
502.0 458.0 502.0 460.0 504.0 460.0 504.0 458.0
504.0 458.0 504.0 460.0 506.0 460.0 506.0 458.0
506.0 458.0 506.0 460.0 508.0 460.0 508.0 458.0
508.0 458.0 508.0 460.0 510.0 460.0 510.0 458.0
510.0 458.0 510.0 460.0 512.0 460.0 512.0 458.0
0.0 460.0 0.0 462.0 2.0 462.0 2.0 460.0
2.0 460.0 2.0 462.0 4.0 462.0 4.0 460.0
4.0 460.0 4.0 462.0 6.0 462.0 6.0 460.0
6.0 460.0 6.0 462.0 8.0 462.0 8.0 460.0
8.0 460.0 8.0 462.0 10.0 462.0 10.0 460.0
10.0 460.0 10.0 462.0 12.0 462.0 12.0 460.0
12.0 460.0 12.0 462.0 14.0 462.0 14.0 460.0
14.0 460.0 14.0 462.0 16.0 462.0 16.0 460.0
16.0 460.0 16.0 462.0 18.0 462.0 18.0 460.0
18.0 460.0 18.0 462.0 20.0 462.0 20.0 460.0
20.0 460.0 20.0 462.0 22.0 462.0 22.0 460.0
22.0 460.0 22.0 462.0 24.0 462.0 24.0 460.0
24.0 460.0 24.0 462.0 26.0 462.0 26.0 460.0
26.0 460.0 26.0 462.0 28.0 462.0 28.0 460.0
28.0 460.0 28.0 462.0 30.0 462.0 30.0 460.0
30.0 460.0 30.0 462.0 32.0 462.0 32.0 460.0
32.0 460.0 32.0 462.0 34.0 462.0 34.0 460.0
34.0 460.0 34.0 462.0 36.0 462.0 36.0 460.0
36.0 460.0 36.0 462.0 38.0 462.0 38.0 460.0
38.0 460.0 38.0 462.0 40.0 462.0 40.0 460.0
40.0 460.0 40.0 462.0 42.0 462.0 42.0 460.0
42.0 460.0 42.0 462.0 44.0 462.0 44.0 460.0
44.0 460.0 44.0 462.0 46.0 462.0 46.0 460.0
46.0 460.0 46.0 462.0 48.0 462.0 48.0 460.0
48.0 460.0 48.0 462.0 50.0 462.0 50.0 460.0
50.0 460.0 50.0 462.0 52.0 462.0 52.0 460.0
52.0 460.0 52.0 462.0 54.0 462.0 54.0 460.0
54.0 460.0 54.0 462.0 56.0 462.0 56.0 460.0
56.0 460.0 56.0 462.0 58.0 462.0 58.0 460.0
58.0 460.0 58.0 462.0 60.0 462.0 60.0 460.0
60.0 460.0 60.0 462.0 62.0 462.0 62.0 460.0
62.0 460.0 62.0 462.0 64.0 462.0 64.0 460.0
64.0 460.0 64.0 462.0 66.0 462.0 66.0 460.0
66.0 460.0 66.0 462.0 68.0 462.0 68.0 460.0
68.0 460.0 68.0 462.0 70.0 462.0 70.0 460.0
70.0 460.0 70.0 462.0 72.0 462.0 72.0 460.0
72.0 460.0 72.0 462.0 74.0 462.0 74.0 460.0
74.0 460.0 74.0 462.0 76.0 462.0 76.0 460.0
76.0 460.0 76.0 462.0 78.0 462.0 78.0 460.0
78.0 460.0 78.0 462.0 80.0 462.0 80.0 460.0
80.0 460.0 80.0 462.0 82.0 462.0 82.0 460.0
82.0 460.0 82.0 462.0 84.0 462.0 84.0 460.0
84.0 460.0 84.0 462.0 86.0 462.0 86.0 460.0
86.0 460.0 86.0 462.0 88.0 462.0 88.0 460.0
88.0 460.0 88.0 462.0 90.0 462.0 90.0 460.0
90.0 460.0 90.0 462.0 92.0 462.0 92.0 460.0
92.0 460.0 92.0 462.0 94.0 462.0 94.0 460.0
94.0 460.0 94.0 462.0 96.0 462.0 96.0 460.0
96.0 460.0 96.0 462.0 98.0 462.0 98.0 460.0
98.0 460.0 98.0 462.0 100.0 462.0 100.0 460.0
100.0 460.0 100.0 462.0 102.0 462.0 102.0 460.0
102.0 460.0 102.0 462.0 104.0 462.0 104.0 460.0
104.0 460.0 104.0 462.0 106.0 462.0 106.0 460.0
106.0 460.0 106.0 462.0 108.0 462.0 108.0 460.0
108.0 460.0 108.0 462.0 110.0 462.0 110.0 460.0
110.0 460.0 110.0 462.0 112.0 462.0 112.0 460.0
112.0 460.0 112.0 462.0 114.0 462.0 114.0 460.0
114.0 460.0 114.0 462.0 116.0 462.0 116.0 460.0
116.0 460.0 116.0 462.0 118.0 462.0 118.0 460.0
118.0 460.0 118.0 462.0 120.0 462.0 120.0 460.0
120.0 460.0 120.0 462.0 122.0 462.0 122.0 460.0
122.0 460.0 122.0 462.0 124.0 462.0 124.0 460.0
124.0 460.0 124.0 462.0 126.0 462.0 126.0 460.0
126.0 460.0 126.0 462.0 128.0 462.0 128.0 460.0
128.0 460.0 128.0 462.0 130.0 462.0 130.0 460.0
130.0 460.0 130.0 462.0 132.0 462.0 132.0 460.0
132.0 460.0 132.0 462.0 134.0 462.0 134.0 460.0
134.0 460.0 134.0 462.0 136.0 462.0 136.0 460.0
136.0 460.0 136.0 462.0 138.0 462.0 138.0 460.0
138.0 460.0 138.0 462.0 140.0 462.0 140.0 460.0
140.0 460.0 140.0 462.0 142.0 462.0 142.0 460.0
142.0 460.0 142.0 462.0 144.0 462.0 144.0 460.0
144.0 460.0 144.0 462.0 146.0 462.0 146.0 460.0
146.0 460.0 146.0 462.0 148.0 462.0 148.0 460.0
148.0 460.0 148.0 462.0 150.0 462.0 150.0 460.0